
state={
	id=351
	name="STATE_351"

	history={
		owner = NOV
		buildings = {
			infrastructure = 2

		}
		add_core_of = NOV
		victory_points = {
			9131 5 
		}

	}

	provinces={
		2 23 60 75 81 84 106 129 143 160 163 166 174 196 2996 3057 3079 3087 3099 3124 3135 3154 3157 3160 3164 3175 6017 6073 6091 6097 6112 6119 6143 6158 6167 6182 6189 6190 9043 9102 9110 9113 9131 9133 9168 9188 9199 9202 9207 9210 9222 11035 11036 11062 11086 11095 11103 11107 11143 11168 11177 11189 11213 13128 
	}
	manpower=1052100
	buildings_max_level_factor=1.000
	state_category=pastoral
}
